              precision    recall  f1-score   support

           0       0.68      0.77      0.72     19824
           1       0.62      0.59      0.60     20038
           2       0.60      0.57      0.58     19992
           3       0.92      0.90      0.91     19785
           4       0.90      0.82      0.86     20177
           5       0.66      0.71      0.68     20184

    accuracy                           0.73    120000
   macro avg       0.73      0.73      0.73    120000
weighted avg       0.73      0.73      0.73    120000
