              precision    recall  f1-score   support

           0       0.98      0.98      0.98     19824
           1       1.00      1.00      1.00     20038
           2       1.00      1.00      1.00     19992
           3       1.00      1.00      1.00     19785
           4       0.99      0.98      0.99     20177
           5       0.97      0.99      0.98     20184

    accuracy                           0.99    120000
   macro avg       0.99      0.99      0.99    120000
weighted avg       0.99      0.99      0.99    120000
