              precision    recall  f1-score   support

           0       0.94      0.87      0.90     19824
           1       0.63      0.74      0.68     20038
           2       0.68      0.56      0.61     19992
           3       0.99      0.99      0.99     19785
           4       1.00      0.92      0.96     20177
           5       0.83      0.97      0.89     20184

    accuracy                           0.84    120000
   macro avg       0.85      0.84      0.84    120000
weighted avg       0.85      0.84      0.84    120000
