              precision    recall  f1-score   support

           0       0.94      0.88      0.91    100000
           1       0.68      0.68      0.68    100000
           2       0.68      0.68      0.68    100000
           3       1.00      0.99      0.99    100000
           4       0.99      0.93      0.96    100000
           5       0.85      0.97      0.90    100000

    accuracy                           0.85    600000
   macro avg       0.86      0.85      0.85    600000
weighted avg       0.86      0.85      0.85    600000
