              precision    recall  f1-score   support

           0       0.91      0.91      0.91     19824
           1       0.65      0.71      0.68     20038
           2       0.68      0.62      0.65     19992
           3       0.99      0.99      0.99     19785
           4       1.00      0.93      0.96     20177
           5       0.87      0.94      0.90     20184

    accuracy                           0.85    120000
   macro avg       0.85      0.85      0.85    120000
weighted avg       0.85      0.85      0.85    120000
