              precision    recall  f1-score   support

           0       0.66      0.75      0.70    100000
           1       0.63      0.54      0.58    100000
           2       0.60      0.54      0.56    100000
           3       0.99      0.70      0.82    100000
           4       0.79      0.84      0.81    100000
           5       0.57      0.77      0.66    100000

    accuracy                           0.69    600000
   macro avg       0.71      0.69      0.69    600000
weighted avg       0.71      0.69      0.69    600000
